Regi˜ao / Ano 2006 2007 2008 2009 2010 2011 2012 2013 2014 2015 Total
*** 0 0 0 0 0 0 0 0 0 0 0
AC 0 0 0 0 0 0 0 0 0 0 0
AL 0 1 0 0 1 0 0 0 0 1 3
AM 0 0 1 1 2 2 2 4 0 1 13
AP 0 0 0 0 0 0 2 0 0 0 2
BA 0 3 3 2 2 2 2 0 1 0 15
CE 0 0 0 0 0 0 0 0 0 0 0
DF 1 1 0 0 0 0 0 0 0 0 2
ES 1 1 0 0 0 0 0 0 0 0 2
EX 0 0 0 0 0 0 0 0 0 0 0
GO 0 1 1 3 1 2 2 2 1 3 16
MA 1 2 0 1 1 1 2 0 2 2 12
MG 0 4 1 0 2 1 4 2 2 7 23
MS 0 1 1 0 0 0 2 2 2 1 9
MT 6 4 0 2 3 2 3 3 5 4 32
PA 1 2 3 0 2 4 2 5 5 2 26
PB 0 0 0 0 0 0 0 0 0 0 0
PE 0 0 1 0 0 1 0 0 0 0 2
PI 0 0 1 0 0 0 1 1 1 2 6
PR 1 2 3 0 0 3 4 0 2 2 17
RJ 2 0 4 2 1 2 3 4 1 0 19
RN 0 0 0 0 0 0 0 0 0 0 0
RO 0 0 0 0 1 0 0 0 0 0 1
RR 1 1 0 0 1 2 1 0 0 0 6
RS 2 0 3 4 0 2 1 3 4 2 21
SC 1 0 0 0 0 3 0 0 0 0 4
SE 0 0 0 0 1 0 0 0 0 0 1
SP 4 6 2 2 5 5 9 4 3 2 42
TO 0 2 1 1 0 0 0 0 2 0 6
Total 21 31 25 18 23 32 40 30 31 29 280