Regi˜ao / Ano 2006 2007 2008 2009 2010 2011 2012 2013 2014 2015 Total
*** 0 0 0 0 0 0 0 1 0 1 2
AC 0 1 3 0 0 2 0 1 3 0 10
AL 2 2 1 1 1 1 0 0 0 1 9
AM 6 4 3 5 2 6 6 9 5 4 50
AP 1 0 1 1 0 0 2 0 0 0 5
BA 1 7 6 3 7 9 8 4 4 1 50
CE 1 2 0 1 1 2 1 1 2 3 14
DF 2 1 0 1 1 0 1 1 1 0 8
ES 2 2 0 0 0 1 0 0 0 0 5
EX 0 0 0 0 0 0 0 0 0 0 0
GO 3 5 2 11 9 13 12 15 8 8 86
MA 2 4 2 3 4 1 4 2 3 3 28
MG 4 7 3 10 5 8 17 8 12 12 86
MS 2 4 7 6 4 9 10 10 8 5 65
MT 7 11 10 8 11 13 20 21 13 14 128
PA 5 5 8 5 13 9 10 8 10 7 80
PB 0 0 0 0 0 0 0 1 0 1 2
PE 1 1 2 0 4 2 0 3 2 1 16
PI 1 0 2 0 1 0 1 2 4 2 13
PR 5 7 6 6 6 11 12 13 15 11 92
RJ 4 5 8 7 6 7 14 8 3 2 64
RN 1 0 0 0 0 1 0 0 0 0 2
RO 1 0 1 0 1 1 1 1 0 0 6
RR 2 1 2 0 4 4 2 0 3 4 22
RS 4 4 15 12 6 12 13 14 18 12 110
SC 3 2 1 5 1 6 6 5 2 6 37
SE 0 0 0 0 1 1 0 0 0 2 4
SP 11 21 23 28 24 40 42 36 28 26 279
TO 0 5 3 1 3 2 3 1 3 0 21
Total 71 101 109 114 115 161 185 165 147 126 1294