Regi˜ao / Ano 2006 2007 2008 2009 2010 2011 2012 2013 2014 2015 Total
*** 0 0 0 0 0 0 0 0 0 0 0
AC 0 0 1 0 0 0 0 0 0 0 1
AL 0 1 0 1 1 0 0 0 0 1 4
AM 3 1 2 1 1 1 0 2 0 0 11
AP 0 0 1 0 0 0 2 0 0 0 3
BA 0 4 4 2 2 1 3 1 2 0 19
CE 0 1 0 0 0 0 0 0 0 0 1
DF 1 1 0 0 0 0 0 0 0 0 2
ES 1 1 0 0 0 0 0 0 0 0 2
EX 0 0 0 0 0 0 0 0 0 0 0
GO 2 2 1 3 2 3 2 2 1 2 20
MA 1 3 0 1 1 0 0 0 1 1 8
MG 0 3 2 3 2 3 5 1 2 5 26
MS 2 1 2 0 0 0 2 2 0 0 9
MT 6 7 2 2 4 4 4 6 1 4 40
PA 2 3 1 2 4 5 2 3 6 1 29
PB 0 0 0 0 0 0 0 0 0 0 0
PE 0 1 1 0 0 1 0 0 0 0 3
PI 1 0 1 0 0 0 1 1 1 2 7
PR 0 4 1 0 2 2 1 1 2 2 15
RJ 2 0 5 1 2 3 3 5 1 0 22
RN 0 0 0 0 0 0 0 0 0 0 0
RO 1 0 0 0 0 0 0 0 0 0 1
RR 0 2 0 0 1 3 1 0 0 0 7
RS 1 1 3 2 1 1 0 2 2 1 14
SC 1 0 0 0 0 1 0 0 0 0 2
SE 0 0 0 0 1 0 0 0 0 0 1
SP 3 9 2 1 6 7 10 5 2 1 46
TO 0 3 2 1 1 0 0 0 0 0 7
Total 27 48 31 20 31 35 36 31 21 20 300