Regi˜ao / Ano 2006 2007 2008 2009 2010 2011 2012 2013 2014 2015 Total
*** 0 0 0 0 0 0 0 0 0 0 0
AC 0 0 0 0 0 0 0 0 0 0 0
AL 0 1 0 0 1 0 0 0 0 4 6
AM 0 0 1 24 8 8 2 10 0 5 58
AP 0 0 0 0 0 0 3 0 0 0 3
BA 0 7 9 16 2 8 3 0 3 0 48
CE 0 0 0 0 0 0 0 0 0 0 0
DF 2 3 0 0 0 0 0 0 0 0 5
ES 3 6 0 0 0 0 0 0 0 0 9
EX 0 0 0 0 0 0 0 0 0 0 0
GO 0 2 4 5 1 7 12 6 5 6 48
MA 3 4 0 2 1 1 3 0 6 2 22
MG 0 8 4 0 6 2 13 3 3 18 57
MS 0 2 1 0 0 0 4 7 3 1 18
MT 163 9 0 4 4 5 8 3 9 5 210
PA 1 4 6 0 6 11 7 21 11 3 70
PB 0 0 0 0 0 0 0 0 0 0 0
PE 0 0 2 0 0 16 0 0 0 0 18
PI 0 0 2 0 0 0 3 4 1 2 12
PR 1 4 8 0 0 7 7 0 4 4 35
RJ 20 0 14 4 2 6 7 7 2 0 62
RN 0 0 0 0 0 0 0 0 0 0 0
RO 0 0 0 0 1 0 0 0 0 0 1
RR 1 2 0 0 1 4 1 0 0 0 9
RS 4 0 3 4 0 2 1 3 6 2 25
SC 1 0 0 0 0 5 0 0 0 0 6
SE 0 0 0 0 1 0 0 0 0 0 1
SP 8 216 3 4 8 14 13 12 14 6 298
TO 0 2 2 1 0 0 0 0 4 0 9
Total 207 270 59 64 42 96 87 76 71 58 1030