Regi˜ao / Ano 2006 2007 2008 2009 2010 2011 2012 2013 2014 2015 Total
*** 0 0 0 0 0 0 0 0 0 0 0
AC 0 1 0 0 1 1 0 0 1 0 4
AL 0 0 0 1 1 0 0 0 0 1 3
AM 3 1 3 3 2 3 6 2 4 3 30
AP 0 0 0 0 0 0 0 0 0 0 0
BA 0 3 1 2 3 1 5 5 2 4 26
CE 0 1 1 1 0 0 1 2 1 0 7
DF 2 0 4 0 3 3 3 1 1 2 19
ES 1 0 0 2 0 2 0 2 0 0 7
EX 0 0 0 0 0 0 0 0 0 0 0
GO 4 1 1 1 4 7 4 4 4 5 35
MA 0 0 0 2 1 2 0 3 1 2 11
MG 2 1 1 4 5 8 8 9 4 2 44
MS 1 0 2 1 1 0 0 1 1 0 7
MT 1 0 1 2 4 2 1 2 4 0 17
PA 2 4 4 2 3 4 7 3 7 1 37
PB 0 0 0 0 0 0 0 1 0 0 1
PE 0 2 1 0 1 2 2 1 2 0 11
PI 0 1 1 1 0 1 1 1 0 0 6
PR 5 0 2 0 7 8 6 5 6 4 43
RJ 3 1 6 2 1 6 5 5 4 7 40
RN 0 1 0 0 0 0 0 0 1 1 3
RO 0 0 0 1 0 0 0 2 0 1 4
RR 0 0 0 0 1 0 1 0 1 0 3
RS 7 2 3 2 8 5 6 5 5 3 46
SC 2 0 1 2 1 2 3 0 1 1 13
SE 0 0 0 0 0 0 1 0 0 0 1
SP 10 4 4 10 9 8 19 12 16 8 100
TO 0 0 0 1 2 1 0 1 1 2 8
Total 43 23 36 40 58 66 79 67 67 47 526