*** 19 4 4 4 4
A109 2 2 3 1 1
AB11 1 0 0 0 2
AB18 1 0 0 0 0
AC11 1 0 0 1 0
AC95 0 0 0 0 1
AS50 14 4 16 5 2
AS65 1 0 0 0 0
AT3T 1 0 0 0 0
AT5T 5 2 2 2 2
AT8T 1 0 0 0 0
B06 11 5 9 4 2
B212 2 1 2 0 0
B350 1 1 14 1 2
B407 1 0 0 0 0
BE9L 7 3 9 5 4
BE9T 1 0 0 0 0
BE10 1 1 1 1 0
BE17 1 0 0 0 0
BE18 1 0 0 0 0
BE20 3 3 16 3 1
BE23 1 0 0 0 0
BE33 5 0 0 1 2
BE35 12 6 20 5 0
BE36 14 7 15 9 1
BE40 1 1 1 0 0
BE55 10 2 5 3 6
BE58 12 5 20 4 10
BE60 1 1 2 0 0
C25A 0 0 0 0 1
C56X 1 1 7 1 0
C72R 2 0 0 0 3
C77R 2 0 0 0 0
C82R 0 0 0 0 1
C150 3 1 2 1 1
C152 1 0 0 1 0
C170 2 0 0 0 3
C172 16 4 9 5 3
C177 1 1 3 1 1
C180 8 0 0 0 0
C182 34 10 18 12 2
C185 1 0 0 0 1
C188 1 0 0 0 0
C206 8 2 4 1 1
C208 5 1 1 1 1
C210 38 9 20 13 13
C310 4 1 2 2 5
C337 2 0 0 0 0
C402 1 0 0 1 1
C500 2 0 0 0 0
C510 0 0 0 0 1
C525 1 0 0 0 0
C550 1 0 0 0 0
C650 1 1 4 1 0
C680 0 0 0 0 1
CH7B 0 0 0 0 1
COUR 1 0 0 0 0
DA42 1 0 0 0 0
E50P 2 0 0 0 2
E55P 0 0 0 0 2
E110 1 0 0 0 0
E120 0 0 0 0 1
E135 1 0 0 0 0
EC20 3 1 2 1 0
EC30 3 1 1 1 0
EC55 1 1 5 1 0
H269 1 0 0 1 0
IPAN 56 15 16 14 2
L410 1 1 19 1 0
LA4 0 0 0 0 1
LA25 1 0 0 0 0
LJ25 0 0 0 0 1
LJ31 0 0 0 0 1
LJ45 0 0 0 0 1
M6 1 0 0 0 0
M7 2 1 1 1 2
M20P 0 0 0 0 1
M20T 1 0 0 0 1
MU2 0 0 0 0 2
P28A 8 1 3 1 0
P28B 12 3 5 5 1
P28R 27 6 17 7 6
P28T 12 4 10 4 9
P32R 15 1 1 1 4
P46T 1 0 0 0 0
P210 1 0 0 0 0
PA18 2 1 1 1 1
PA24 3 1 2 0 0
PA25 2 1 1 0 0
PA27 2 0 0 0 1
PA30 0 0 0 0 1
PA31 2 0 0 0 0
PA32 21 3 12 3 4
PA34 47 13 41 15 24
PA46 5 1 2 0 3
PAUL 0 0 0 0 1
PAY1 1 0 0 0 1
PAY2 0 0 0 0 3
PC12 1 0 0 0 0
RF10 2 0 0 0 0
S10S 1 0 0 0 0
SHIP 1 0 0 0 0
SR20 5 2 3 1 1
SR22 17 4 8 4 0
ST10 1 0 0 0 1
TBM7 1 0 0 0 1
ULAC 1 0 0 0 0
WW24 0 0 0 0 2
R22 3 1 1 1 0
R44 53 14 27 18 2
R66 4 2 3 2 0
Total 593 157 390 172 161