*** 3 1 5 2 0
A109 1 0 0 0 1
A139 1 1 4 1 4
A320 0 0 0 0 1
AC50 2 1 4 1 0
AS50 5 2 3 0 0
AS55 3 2 8 1 3
B06 9 2 4 2 2
B105 0 0 0 0 2
B412 1 0 0 1 1
B430 1 0 0 0 1
BE9L 2 0 0 1 3
BE9T 1 0 0 0 0
BE20 0 0 0 0 1
BE40 2 0 0 0 0
BE55 5 2 6 3 1
BE58 4 1 5 1 6
BN2P 2 1 5 0 0
C25B 1 0 0 0 0
C182 0 0 0 0 1
C206 10 2 5 3 2
C207 1 0 0 0 0
C208 7 1 1 0 7
C210 8 5 6 2 3
C310 4 1 6 1 2
C402 2 0 0 0 1
C525 0 0 0 0 1
C550 0 0 0 0 3
C560 0 0 0 0 1
C650 0 0 0 0 1
E110 8 3 28 3 3
E121 1 1 3 1 0
EC25 2 0 0 0 1
H25B 1 0 0 0 1
IPAN 1 1 1 0 0
LJ35 2 1 8 1 1
LJ55 1 0 0 0 0
MD60 1 0 0 1 0
MU2 1 0 0 0 2
P28R 7 1 1 0 2
P32R 5 1 2 2 1
PA31 3 0 0 0 6
PA32 17 3 5 2 5
PA34 26 4 13 6 23
PA46 0 0 0 0 1
PAT4 4 2 12 1 2
PAY1 1 0 0 0 0
PAY2 1 1 4 1 0
PRM1 0 0 0 0 1
S61 0 0 0 0 2
S76 2 0 0 0 9
R44 2 0 0 1 1
Total 161 40 139 38 108