A122 6 1 2 2 4
AB11 53 2 3 2 53
AB18 8 0 0 0 6
AS50 2 1 3 2 2
BL8 2 0 0 0 0
C140 2 2 4 1 0
C150 13 0 0 1 8
C152 17 1 1 0 11
C170 1 0 0 0 0
C172 4 1 4 1 2
C310 0 0 0 0 1
DV20 1 0 0 0 1
GLID 8 3 4 2 1
GURI 2 0 0 0 2
H269 1 0 0 0 0
J3 1 0 0 0 0
P28A 13 4 8 4 8
P28R 2 1 1 1 2
P28T 1 0 0 0 0
PA11 0 0 0 0 1
PA18 6 0 0 0 1
PA22 1 0 0 1 0
PA23 2 0 0 0 0
PA30 3 0 0 0 3
PA34 3 2 6 1 5
PAUL 36 2 4 1 21
RF10 2 0 0 0 1
SR20 0 0 0 0 1
R22 41 4 8 3 3
R44 1 1 2 1 0
Total 231 25 50 23 137